camera_matrix:
- [1047.562459712105, 0.0, 632.4173366961696]
- [0.0, 1042.050890939393, 317.783407337743]
- [0.0, 0.0, 1.0]
dist_coeff:
- [-0.04700337910154304, 0.26750917684327025, 0.005389631285412824, -0.003977505278118281,
  -0.8208958695436936]
