camera_matrix:
- [876.0148357486361, 0.0, 237.19146287275206]
- [0.0, 882.3975447233987, 308.65559236289863]
- [0.0, 0.0, 1.0]
dist_coeff:
- [-1.2473762026867077, 3.0128632160561772, -0.003992863174802437, 0.048965903202516294,
  -4.837821208340651]
