camera_matrix:
- [840.8990785363535, 0.0, 303.790334392223]
- [0.0, 843.7610726543869, 306.94182593261667]
- [0.0, 0.0, 1.0]
dist_coeff:
- [-1.1321152537310692, 1.6937172497292505, -0.003916935102891725, -0.03348856459343961,
  -2.25892047453918]
